
state={
	id=1747
	name="STATE_1747"

	history={
		owner = AZJ
		add_core_of = AZJ
		buildings = {
			infrastructure = 4

		}
		610.1.1 = {
			owner = SRG
			controller = SRG
			add_core_of = SRG

		}

	}

	provinces={
		370 406 461 469 476 480 637 644 664 666 690 734 866 1059 1086 1100 1366 1402 1457 1464 1468 1479 1527 1712 2989 3013 3033 3059 3061 3121 3123 3128 3134 3135 3148 3151 3154 3155 3156 3163 3165 3167 3179 3184 3187 3190 3195 3220 3223 3229 3232 3234 3242 3294 3314 3316 3317 3395 3412 3455 3464 3598 3618 3620 3634 3636 3639 3651 3652 3661 3685 3686 3690 3732 3734 3738 3762 4112 4133 4212 4292 4468 4545 4551 4562 4641 4668 4670 4671 4678 4682 4684 4714 4874 4879 4880 4891 4895 4896 4911 4968 4978 4980 4984 5012 5017 5029 5030 5041 5042 5043 5049 5054 5057 5061 5067 5071 5085 5086 5099 5325 5411 5679 5698 5712 5724 5740 5751 5804 5850 5854 5855 5858 5937 5939 5964 5983 5984 5989 5990 5999 6001 6020 6026 6054 6115 6685 6842 7463 7475 9592 9593 9597 9739 12615 
	}
	manpower=25
	buildings_max_level_factor=1.000
	state_category=building_slots_0
}
