1 2 2379 2388 
1 16 15083 15076 15068 15062 15063 15075 15085 13591 15114 15066 15069 15071 15082 2290 15095 15090 
1 5 15101 15096 13621 2290 15098 
1 9 11059 11063 8962 11075 11076 11067 11065 11068 11003 
1 8 11009 11010 11013 11011 11015 11019 11021 11027 
1 6 11017 11016 11023 11014 10812 11010 
1 2 11013 10812 
1 5 11017 10811 11030 11042 10814 
1 2 10811 11023 
1 4 11042 11044 11039 11034 
1 5 11039 11047 11048 11052 10814 
1 2 11034 11033 
1 8 11003 11070 10815 11055 11050 11049 11041 11034 
1 7 11296 11268 11259 11236 11238 11233 11237 
1 2 11233 11249 
1 4 11193 11197 10820 11236 
1 11 11233 11213 11195 11171 11153 11138 11129 11109 11108 11092 11003 
1 2 11296 11321 
1 5 11148 11143 11122 11106 11074 
1 8 11218 11256 11244 11261 11264 11289 11298 11321 
1 5 11148 11156 11173 11196 11190 
1 4 9488 9496 9495 9528 
1 7 9488 9490 9478 8970 9479 9481 9497 
1 3 9472 9487 9488 
1 2 9488 9472 
1 3 9518 225 9522 
1 2 225 9517 
1 7 9517 9514 9511 9516 9510 9507 9504 
1 6 9516 9515 9521 9520 9523 225 
1 4 11825 11824 11827 11826 
1 3 11827 11820 11815 
1 4 11815 11816 11822 11827 
1 3 11929 11934 11944 
1 7 11801 11796 11918 11917 11921 11927 11928 
1 3 11781 11776 824 
1 2 11920 11926 
1 2 11989 10856 
1 2 11989 11988 
1 2 11989 10858 
1 2 11938 10865 
1 6 10865 11947 11958 11959 11969 11968 
1 2 10868 11951 
1 6 11968 11966 11957 11955 11956 11944 
1 2 11975 11974 
1 2 11913 10860 
1 3 10860 11904 11899 
1 3 11872 11883 10853 
1 3 10853 11887 11872 
1 5 11872 11878 11866 11873 11855 
1 2 11866 11849 
1 6 11849 11850 11859 11858 11869 11872 
1 3 11865 11845 11846 
1 3 11845 11842 11835 
1 2 11842 11841 
1 2 11842 11843 
1 2 11843 11853 
1 5 11760 823 11767 11766 10861 
1 3 11766 11772 11778 
1 6 11768 11777 11771 11775 11774 11772 
1 3 11775 11780 11777 
1 2 11786 11780 
1 2 11788 11780 
1 2 11786 11788 
1 2 11786 11798 
1 2 11788 11800 
1 2 11800 11798 
1 2 9434 9431 
1 5 9434 9420 9415 9401 9387 
1 2 9393 9415 
1 6 9570 9551 9543 9541 9535 9528 
1 10 9570 9563 9568 9572 9577 9574 9582 9585 9584 9600 
1 2 9600 6829 
1 4 9600 9605 9611 9883 
1 8 9619 1795 9614 9659 9609 9610 9602 9600 
1 4 9532 9537 9542 9546 
1 4 9583 9576 9566 106 
1 2 9578 106 
1 2 9578 9566 
1 2 9590 9576 
1 5 9555 9554 9558 9557 9552 
1 5 168 9567 9564 9560 9555 
1 10 9619 11449 11442 11459 11463 11458 11450 11454 11448 11429 
1 2 11423 11449 
1 3 11477 11466 11458 
1 4 11485 11489 11498 10889 
1 2 11986 11326 
1 2 11334 11327 
1 8 11386 11732 11415 11418 11402 10884 11411 11429 
1 2 11418 11435 
1 4 11501 11447 11456 11446 
1 8 11447 11444 11457 11483 11001 11500 167 11490 
1 2 11490 11001 
1 2 11490 7498 
1 4 7498 11488 11470 11447 
1 2 11002 11488 
1 2 11488 11483 
1 2 11499 11488 
1 2 11499 4520 
1 2 7498 1881 
1 2 1881 4520 
1 2 1881 11508 
1 2 4520 11508 
1 2 11494 11499 
1 2 11502 11499 
1 2 11502 11494 
1 3 11440 11421 11731 
1 2 11421 11434 
1 2 11440 11434 
1 2 11434 11436 
1 6 11436 11407 10882 11397 11370 11393 
1 4 11370 11384 11403 11501 
1 3 11384 11398 11386 
1 2 11362 11358 
1 3 11353 11354 11358 
1 2 11386 164 
1 2 11417 10882 
1 2 11417 11412 
1 2 11452 11431 
1 2 11352 11341 
1 2 10877 11341 
1 2 11400 11377 
1 2 11377 11427 
1 2 11377 11394 
1 2 11452 11445 
1 2 11445 11431 
1 2 11505 11512 
1 5 11505 11492 11735 11734 11436 
1 2 11523 11516 
1 2 11523 11514 
1 2 11514 11509 
1 2 11514 10892 
1 2 11516 11512 
1 5 11516 11478 11738 11460 11461 
1 3 11484 11531 11524 
1 2 11484 11460 
1 2 11534 11528 
1 2 11601 11594 
1 2 11594 11609 
1 6 11594 11582 11584 11587 11576 11578 
1 6 11461 11544 11555 11560 11566 11578 
1 4 11546 11548 11543 11544 
1 9 11578 11579 11573 11580 11588 11604 11614 11624 11744 
1 3 2366 11574 11592 
1 2 11574 11575 
1 2 11592 11586 
1 2 11592 11612 
1 3 11645 11638 2118 
1 3 11638 11635 11744 
1 6 10911 11627 11621 11616 11599 11587 
1 6 11627 11641 11642 11630 11619 11742 
1 5 11674 11673 11665 223 11649 
1 6 11673 11680 11676 11675 11686 9318 
1 2 11702 11695 
1 2 11702 11689 
1 7 12111 11729 11725 11718 11713 11706 11696 
1 4 11674 11677 11682 11696 
1 2 11677 10916 
1 2 11682 11677 
1 2 11682 11677 
1 2 10916 11668 
1 6 11707 11698 11690 11681 11687 11682 
1 5 11656 11647 11639 11640 11637 
1 3 11668 11661 11656 
1 4 11656 11650 11654 223 
1 3 11700 11692 11676 
1 7 11726 11727 11724 11722 11717 11720 11718 
1 5 11748 11751 10918 11643 11704 
1 7 11744 10913 11743 11637 11657 11664 11681 
1 3 11559 11739 11547 
1 3 12149 12148 12010 
1 4 12149 12153 12154 12158 
1 3 12153 12155 12156 
1 2 12010 12153 
1 4 12011 12124 12861 12111 
1 3 12011 12118 12156 
1 3 12372 12347 12315 
1 3 12347 12357 12390 
1 4 12357 12373 12353 12337 
1 3 12315 12285 12016 
1 2 12318 12286 
1 2 10140 10132 
1 2 10140 10129 
1 2 10129 10123 
1 2 10089 10111 
1 2 10089 10093 
1 2 9694 10125 
1 2 10077 10125 
1 2 10077 9694 
1 3 10125 10050 10132 
1 2 10043 10050 
1 2 10043 10111 
1 2 10111 10123 
1 2 10043 10106 
1 2 10106 10105 
1 2 10105 10125 
1 2 10106 10125 
1 2 10106 10093 
1 5 10160 10147 10145 9703 10050 
1 5 9997 10376 10377 10002 10017 
1 2 10377 9986 
1 2 9964 9968 
1 8 9964 9949 9948 9963 9974 9685 9684 10376 
1 2 10105 9693 
1 6 9693 10083 10073 10052 10031 10017 
1 6 9991 9969 9981 9984 9977 9986 
1 4 9987 9666 9989 9991 
1 2 9040 9919 
1 5 9892 9898 9909 9914 9921 
1 2 9892 9883 
1 2 9955 9939 
1 4 9939 9944 9956 9962 
1 5 9961 9954 9943 9941 9663 
1 4 9941 9935 9924 9921 
1 2 9921 9925 
1 5 9921 9922 9929 9936 9944 
1 3 9922 9923 9919 
1 3 9983 9975 9962 
1 2 9961 9962 
1 2 9987 9983 
1 2 8973 9579 
1 4 8988 8985 8974 8973 
1 4 9001 8997 8995 8988 
1 6 8995 9005 9012 9007 9018 8638 
1 4 9040 9042 9035 8638 
1 6 10001 9993 9992 10006 10011 10378 
1 3 10022 10021 10006 
1 6 10378 10041 10057 10049 10039 10025 
1 2 10049 10056 
1 4 9114 9121 9118 9109 
1 2 9134 9121 
1 3 9121 9130 9118 
1 8 9141 9138 9131 9133 9132 9119 9105 9093 
1 4 9099 9091 9088 9080 
1 3 9066 9072 9080 
1 4 8882 9053 9065 9072 
1 2 9089 9082 
1 7 9311 9067 9078 9086 9090 9093 9099 
1 4 9311 9064 9054 9042 
1 3 9082 9075 9067 
1 4 9034 9037 9036 9033 
1 3 9034 9026 76 
1 5 9033 9032 9039 9046 9042 
1 3 9044 9036 9025 
1 2 9052 9044 
1 4 9005 9015 9016 9025 
1 4 8877 8881 8883 8882 
1 2 8881 8882 
1 3 8882 8878 8881 
1 2 8883 528 
1 2 8882 8879 
1 10 10195 10194 10185 10387 10157 234 9700 9702 9701 9704 
1 3 10164 10175 10194 
1 3 10194 10206 10218 
1 4 10115 10133 10153 10164 
1 3 10198 10181 10184 
1 4 10139 10174 10181 10188 
1 7 10235 10257 10286 10308 10327 10358 10365 
1 3 10327 10328 10326 
1 2 10235 1129 
1 6 10273 10291 10303 10316 10331 10349 
1 3 9640 9642 9641 
1 4 9633 9635 9636 9641 
1 8 9636 9643 9712 1056 9737 9743 9747 10273 
1 3 9743 9740 1075 
1 7 1129 10234 10241 10244 10247 9841 1075 
1 2 9629 9660 
1 2 10068 10082 
1 3 10092 165 10058 
1 2 10062 165 
1 5 10092 10104 9697 9698 9702 
1 2 9702 234 
1 2 10291 10277 
1 2 10295 10291 
1 2 10307 10303 
1 2 10307 10323 
1 5 10307 10293 10309 1135 10342 
1 2 10324 10309 
1 8 1134 10360 10369 10368 240 10364 10363 10349 
1 5 10363 9755 9756 9757 9764 
1 3 9764 9758 9757 
1 3 9758 9760 9767 
1 7 10372 10373 9759 9763 1138 9761 9760 
1 2 9761 9767 
1 4 9775 9778 9772 9767 
1 4 1142 9769 9774 1144 
1 2 1144 9767 
1 2 1144 9772 
1 3 1142 9765 9757 
1 2 9764 9765 
1 4 1142 9776 9773 9777 
1 3 9782 9785 9773 
1 2 9788 9785 
1 3 9785 9790 9792 
1 4 9778 1122 9780 1142 
1 3 10320 10322 8709 
1 5 10280 10264 10250 10233 10218 
1 4 10318 10310 10288 10280 
1 3 10310 10333 12838 
1 2 10087 10115 
1 4 10087 10080 10048 10019 
1 3 10019 10004 9983 
1 7 10195 10200 10199 10197 9671 10178 10184 
1 2 10201 10197 
1 6 10235 10231 10227 10229 9676 10233 
1 2 1548 12083 
1 2 10173 10192 
1 2 10173 10169 
1 8 12157 12122 12116 12152 12125 12167 12169 12158 
1 4 12099 12103 12109 12116 
1 4 12107 12108 12112 12113 
1 3 12107 12100 12099 
1 3 12099 12093 12090 
1 2 1548 12093 
1 4 10188 12079 8686 10198 
1 2 10198 10184 
1 3 12084 12081 12079 
1 4 12090 12091 12094 12084 
1 2 12007 12093 
1 2 12098 12090 
1 4 10184 10163 10143 10121 
1 3 10084 10101 10121 
1 3 1877 10040 10019 
1 3 1877 10094 10101 
1 4 10056 10055 10033 10048 
1 4 12175 12166 12159 12155 
1 4 12166 12160 12163 12175 
1 2 12163 12169 
1 7 12184 12180 12181 12192 12187 12194 12211 
1 4 12167 12176 12190 12211 
1 6 12015 12263 12248 12224 12215 12211 
1 2 12248 12277 
1 2 12234 12015 
1 3 12183 12165 12125 
1 4 12211 12225 12217 12201 
1 3 12183 12188 12201 
1 4 12184 12131 12121 12011 
1 3 12235 12259 12238 
1 4 12238 12221 12202 12191 
1 4 12837 12182 12185 12191 
1 4 12182 12012 5229 12188 
1 3 12249 12250 12229 
1 5 12255 12032 12237 12243 12230 
1 3 12243 12256 12276 
1 2 12268 12251 
1 2 12268 12276 
1 4 12251 12314 12296 12284 
1 7 1779 12236 12244 12267 12261 272 12838 
1 4 12838 12216 12227 12839 
1 3 12839 12258 12284 
1 3 12284 12272 12261 
1 11 12314 12350 12389 12388 12412 12426 12432 12448 12440 3960 4853 
1 2 12392 1529 
1 3 12412 12423 12439 
1 2 12042 12412 
1 4 12426 12451 12453 12432 
1 4 387 5343 3965 3960 
1 4 12341 12312 12295 12272 
1 5 12312 12328 12340 12322 12323 
1 5 12323 12294 12266 12267 12244 
1 2 12323 12370 
1 2 12349 12323 
1 5 12387 1774 12378 12367 12349 
1 8 12387 12369 281 12355 12381 12407 12429 12442 
1 6 12442 12433 12441 12474 12045 12503 
1 8 12483 12496 1552 12507 12518 12513 12514 12503 
1 5 12549 12540 12531 12520 12507 
1 7 12531 12537 12535 12533 12528 12523 12514 
1 3 12537 12543 12552 
1 6 12528 12539 12546 12555 12553 12552 
1 3 12414 12039 12441 
1 4 12428 12435 12447 12441 
1 2 12280 12259 
1 3 12280 12289 12309 
1 3 12309 12348 12355 
1 3 12038 12327 12354 
1 4 12433 12399 12368 12038 
1 6 281 12343 12316 12035 12290 12289 
1 4 12319 12313 12310 12316 
1 4 1774 12360 12333 12319 
1 3 12444 12411 12378 
1 4 281 12416 12443 12438 
1 10 12492 12501 12047 12512 12506 12500 12486 12471 12459 12433 
1 4 14889 14898 12023 14880 
1 2 14889 14880 
1 2 14898 14880 
1 7 12761 12767 12759 12774 12794 12807 12814 
1 2 11997 12732 
1 2 11997 12728 
1 4 12732 12743 12770 12769 
1 3 12770 12002 12775 
1 2 12749 12743 
1 2 12749 11999 
1 2 11999 12743 
1 2 12743 12735 
1 2 12735 11999 
1 2 12246 1882 
1 5 12231 12240 12252 12283 12286 
1 5 12240 12223 12199 12134 12131 
1 2 12853 12852 
1 5 12853 12845 12565 12560 12553 
1 3 12853 12858 12556 
1 2 12684 12664 
1 4 12671 12665 12663 12664 
1 3 12671 12075 12675 
1 3 12676 12680 12690 
1 2 12676 12675 
1 5 12075 12689 373 12699 6840 
1 2 12702 12699 
1 2 12702 6840 
1 3 12695 12688 12681 
1 2 12077 12688 
1 2 12688 12673 
1 2 12672 12673 
1 3 12664 12662 12654 
1 3 12623 12616 12614 
1 2 12616 12613 
1 4 12600 12569 12593 12556 
1 4 12613 12579 12570 12600 
1 4 12613 12621 12627 12071 
1 3 12654 12644 12071 
1 4 12787 12797 12026 12789 
1 2 12786 12770 
1 2 12786 12787 
1 2 12785 12769 
1 2 12770 12769 
1 2 12769 11997 
1 2 12764 12769 
1 2 12789 12785 
1 3 12775 12772 12781 
1 2 12781 12784 
1 2 12784 12772 
1 2 12820 12831 
1 4 12784 12795 12808 12820 
1 6 12781 12790 12791 12776 12766 12763 
1 2 12792 12790 
1 2 12761 12763 
1 2 12761 12739 
1 4 12740 12754 12760 12774 
1 2 12707 12705 
1 2 12705 682 
1 3 12910 12903 12558 
1 5 12926 12935 12930 12933 12939 
1 5 12933 12920 12917 12914 12558 
1 2 12985 12992 
1 2 12985 12977 
1 2 12977 12992 
1 9 12992 12597 13014 13025 13044 13054 13070 13060 13049 
1 4 12611 13051 13056 13025 
1 3 12611 13013 12597 
1 5 12977 12967 12960 12950 12939 
1 6 13049 13061 12624 13031 13020 13006 
1 5 12624 13082 13102 12650 13092 
1 5 13151 13139 13128 13117 12650 
1 2 380 13151 
1 6 13151 13160 12698 13171 13140 13131 
1 4 13140 12701 13164 13171 
1 6 13153 13147 13190 13145 13149 380 
1 2 13153 13152 
1 2 13158 13153 
1 2 12687 13153 
1 4 12634 13098 13077 13060 
1 4 12420 12382 12037 12323 
1 2 12370 12037 
1 2 12406 12382 
1 2 12406 12420 
1 3 12869 1540 12048 
1 5 12420 12450 12466 12485 12048 
1 3 12475 12488 12048 
1 5 12420 12430 12408 12431 12041 
1 5 12236 12253 12273 12304 12294 
1 4 12945 13619 13633 13629 
1 2 13606 12945 
1 3 13606 13612 13633 
1 2 13655 13645 
1 2 13655 13669 
1 2 13637 13634 
1 3 13647 13648 13649 
1 4 13647 13620 13602 13595 
1 5 13620 13635 13643 13657 13664 
1 5 13638 13641 13642 13652 13664 
1 2 13653 13638 
1 3 13664 13667 13674 
1 4 13674 13670 13658 13653 
1 15 13664 13682 13688 13697 13705 13714 13716 13717 13713 13704 13698 13050 13696 13689 13679 
1 3 13679 13691 13698 
1 3 13679 13665 13647 
1 4 10359 13108 13720 13716 
1 2 13581 13575 
1 6 13601 13605 12940 13607 13614 13620 
1 3 12940 13599 13593 
1 3 13674 13681 13682 
1 3 10224 9679 10359 
1 3 10224 11376 11462 
1 3 11405 2994 11521 
1 2 11405 11462 
1 2 11521 11462 
1 4 11521 11536 11749 3484 
1 4 11281 11161 10836 2994 
1 10 10836 11022 15125 585 15124 15123 15118 11422 10883 5852 
1 2 10883 15118 
1 3 3457 15131 15129 
1 2 11519 5415 
1 3 4193 13184 13185 
1 2 11281 11292 
1 2 2980 11292 
1 4 12534 12894 12551 12903 
1 2 12897 12551 
1 6 12534 12885 12881 12879 12874 12869 
1 2 12883 12879 
1 2 12887 12879 
1 8 13577 15054 15060 284 13589 15077 15084 15090 
1 4 15084 15081 15074 13576 
1 5 13576 15053 13583 15057 13589 
1 3 15067 15059 13576 
1 7 15059 15055 15044 15025 13569 15107 15111 
1 2 15111 14973 
1 4 13001 13170 13567 13173 
1 4 13193 13047 14989 13001 
1 6 14989 2474 12937 14990 13162 13193 
1 3 12929 12580 12923 
1 4 1055 3599 10332 12923 
1 3 12580 12922 14990 
1 2 14915 2472 
1 4 14915 14923 13133 13173 
1 3 14923 14937 14950 
1 3 14964 14953 14937 
1 3 12949 12919 12929 
1 5 12983 12973 12966 12955 12949 
1 4 12983 13005 13021 13048 
1 3 13081 13066 13048 
1 2 13090 13096 
1 2 13105 13096 
1 2 13105 13090 
1 6 13066 13084 13089 12620 13111 13188 
1 2 13188 12620 
1 4 13043 12632 13182 13188 
1 2 12617 13043 
1 5 13037 13055 13069 13074 13043 
1 5 13092 13073 13036 13041 13037 
1 4 13120 13116 13121 13111 
1 4 13121 13135 343 13155 
1 2 9792 2873 
1 2 14887 14875 
1 2 14887 14896 
1 5 14892 14882 2110 1644 2732 
1 4 2732 2897 2884 2873 
1 3 4163 1886 2873 
1 3 4163 3428 2873 
1 2 3428 2897 
1 5 2732 2765 2551 5641 4173 
1 4 4173 12052 14849 14847 
1 3 14839 14842 14847 
1 2 14835 14832 
1 3 14826 14832 14837 
1 2 14843 14841 
1 2 14837 14843 
1 10 15011 14979 14968 14947 14936 14933 14921 14910 14893 14892 
1 6 15011 15024 15008 15030 15031 15027 
1 2 14919 12061 
1 4 14887 14874 14883 14882 
1 3 14874 14868 2110 
1 3 387 3035 4163 
1 7 12879 12516 12868 12863 12865 12870 12868 
1 2 12875 12870 
1 2 12875 12516 
1 4 9025 9017 9020 9022 
1 7 9089 8642 9085 9071 9062 9049 9040 
1 2 9089 9097 
1 2 9964 9953 
1 3 9965 9959 9665 
1 3 9965 9951 9940 
1 2 9665 9940 
1 2 9959 9951 
1 9 9873 1790 9878 9880 9881 9884 9891 9885 9883 
1 4 9885 9882 9879 9877 
1 2 9881 9877 
1 5 9880 9876 9875 9874 9873 
1 2 1790 9874 
1 3 11358 11367 10879 
1 2 9764 9767 
1 2 9758 9755 
1 2 9756 10364 
1 2 1120 9628 
1 2 9624 1116 
1 2 9622 1118 
1 2 14934 15106 
1 16 13001 15003 15000 14985 15002 15005 15017 15020 13570 14993 14984 14972 14983 15004 14992 15111 
1 5 8153 8126 8142 8140 8145 
1 5 8143 8208 8210 8233 8226 
1 2 8154 8155 
1 4 8155 8227 766 8226 
1 3 8227 8220 8232 
1 3 8208 8206 8203 
1 2 8212 8208 
1 2 8229 9002 
1 3 8229 8218 8210 
1 2 14935 14946 
1 2 14935 14929 
1 2 13125 13121 
1 2 11598 11576 
1 2 10071 165 
1 2 10092 10100 
1 2 10092 10097 
1 4 2110 14860 14859 3035 
1 2 12552 12560 
1 3 12044 12470 12440 
1 4 12350 12363 12393 12431 
1 3 12340 12356 12382 
1 2 12266 12244 
1 4 12254 12275 12257 12241 
1 2 12349 12334 
1 7 12268 12326 12346 12384 1529 12424 12432 
1 2 12371 12384 
1 2 12324 12346 
1 2 12352 12346 
1 2 12310 12291 
1 5 12917 12916 12913 12911 12915 
1 2 3967 3965 
1 3 12989 2289 13005 
1 2 380 13160 
1 2 12785 12788 
1 2 12789 12799 
1 2 10139 10143 
1 6 9899 9888 9895 9886 9887 9883 
1 4 9887 9896 9525 9899 
1 3 9899 9895 9896 
1 4 8330 8333 8331 8332 
1 5 8328 8333 8322 8321 8327 
1 4 8331 8328 8122 8327 
1 2 8328 8332 
1 2 8326 8328 
1 5 8292 8256 8253 8270 8260 
1 4 8261 8275 8303 8270 
1 3 8292 8276 8317 
1 4 8274 8280 8289 8282 
1 4 8282 8299 8118 8261 
1 6 8274 8309 8297 8313 8266 8305 
1 2 8313 8327 
1 4 8274 8293 8295 8316 
1 3 8313 8319 8316 
1 3 8261 8264 8305 
1 3 8299 8285 8295 
1 3 8292 8279 8276 
1 3 8276 8288 8256 
1 2 8317 8266 
1 5 7381 7384 7385 7393 7394 
1 3 781 778 783 
1 3 8318 8307 8259 
1 4 8318 8306 8296 8299 
1 4 8289 8120 8257 8259 
1 4 8306 8315 8304 8257 
1 2 8318 8315 
1 4 8316 8263 8273 8264 
1 2 13562 13559 
1 11 2636 945 2668 2624 2930 2914 2916 2912 937 2913 2921 
1 6 2912 2895 2883 2867 2860 2863 
1 3 2080 2091 2096 
1 2 2091 2109 
1 11 2195 2199 2158 5114 5459 5460 5461 2166 2211 2221 2212 
1 16 2212 2218 2535 2538 893 2541 2540 2543 2536 2537 2534 2539 2542 2544 2446 2453 
1 8 2453 2449 2435 2439 2443 2437 5965 2317 
1 2 2441 5965 
1 7 2453 2452 802 900 2476 2488 2496 
1 2 2473 2483 
1 6 2453 2458 2460 2469 2480 2487 
1 5 2490 2497 2495 808 805 
1 4 2486 2375 2382 2386 
1 3 811 2373 2375 
1 2 2490 2486 
1 3 813 2394 2386 
1 5 2401 2398 2392 2389 2386 
1 2 2396 2389 
1 5 2392 2385 2379 2380 2383 
1 3 2383 2374 2372 
1 5 805 2475 2489 2485 806 
1 3 2379 2495 2487 
1 3 2372 2376 809 
1 3 2475 2479 2470 
1 2 2158 2157 
1 7 2212 2576 2214 2233 2226 2225 895 
1 11 2225 2232 2230 898 2255 2268 2263 6932 894 896 6933 
1 9 2233 2219 6924 2213 2216 2222 891 2250 894 
1 6 898 2269 2272 902 913 6289 
1 13 2195 2189 2187 2185 1992 1990 1991 2070 2072 2077 2075 2073 2154 
1 2 2080 2075 
1 2 2187 2183 
1 3 2097 2089 2081 
1 5 2195 2192 2186 5655 792 
1 2 2070 2067 
1 5 1991 6944 1686 5872 1684 
1 3 2624 2635 2639 
1 10 2636 948 2660 2643 2655 2653 2670 2661 2293 2294 
1 2 2643 2629 
1 2 954 2660 
1 13 2636 2649 2783 2804 2803 2805 2782 180 6919 2200 2198 797 2195 
1 2 2200 2203 
1 2 6917 2805 
1 9 2803 2802 2786 2798 2799 2800 2796 2787 2789 
1 2 2798 785 
1 6 2786 2778 6050 6042 2780 180 
1 2 893 2547 
1 2 2536 2545 
1 5 2317 6415 2205 2201 2197 
1 7 2197 2190 2184 612 2151 2153 2154 
1 5 612 2302 2310 2306 2312 
1 6 2312 2303 1720 611 6905 1714 
1 12 2312 2308 2740 2335 159 2344 2350 616 2207 2315 618 2317 
1 2 2208 2315 
1 2 2208 6415 
1 2 2350 2346 
1 2 2335 613 
1 3 2131 1952 2971 
1 3 3322 2140 2135 
1 5 2131 2974 2129 1953 2140 
1 10 5258 2123 2972 2971 2970 2127 2134 3322 2141 2130 
1 7 2135 3361 307 3326 3330 3346 3345 
1 3 3345 3341 5282 
1 3 307 1723 2730 
1 7 3345 3353 3362 3370 3369 341 3383 
1 2 3369 3380 
1 4 3362 3360 139 3364 
1 12 7445 4278 4117 4229 4201 4192 4127 4095 3390 3389 3381 341 
1 3 4259 4688 4229 
1 3 4109 4125 7445 
1 2 4164 4278 
1 4 4335 4329 4279 4259 
1 10 4259 4358 4222 4390 4209 4247 4296 4323 4347 704 
1 6 4247 4221 4291 4283 4303 4290 
1 6 4140 4172 4191 4228 4239 4221 
1 2 4239 4283 
1 8 4229 4202 4177 4186 4166 5401 3403 3413 
1 3 4166 7446 691 
1 9 4177 4230 4310 5369 4240 5358 705 4398 4355 
1 3 705 4396 4326 
1 8 1567 1627 3405 3411 7452 3426 7450 3413 
1 2 3411 3420 
1 7 3405 3409 3417 3429 3414 3404 3397 
1 3 3417 3446 3443 
1 4 3446 3449 642 3460 
1 9 642 3458 3459 5400 3465 7453 3468 3474 3472 
1 2 3465 3470 
1 6 3429 3432 3435 3425 3433 5783 
1 10 5783 3415 5818 7455 4148 4135 4128 4129 4167 4162 
1 4 4167 724 4099 4089 
1 5 4162 4157 4223 4197 4194 
1 5 4194 4153 4182 732 4315 
1 9 4194 4150 4198 5803 4113 4151 4122 4102 4101 
1 10 732 4287 4313 4400 5843 735 4365 4416 5786 5787 
1 8 4400 4401 4399 736 5861 4369 737 4375 
1 4 4375 4378 4380 4374 
1 10 4481 4474 712 5701 4446 4439 4431 5864 4465 4457 
1 4 4375 4404 591 4431 
1 4 4481 4472 5682 5870 
1 5 5258 1794 1948 1930 5141 
1 4 1811 1815 1819 1820 
1 7 1930 1932 1807 1808 1809 1806 1811 
1 4 1811 1787 1800 1785 
1 6 1748 1791 1801 1771 1810 1811 
1 5 1801 706 1931 1935 1937 
1 3 1937 1933 706 
1 7 1791 1770 1784 1746 1741 1736 1739 
1 3 1567 1634 1708 
1 5 1567 1566 5198 2982 2977 
1 2 13450 264 
1 7 13450 8467 13474 8539 8447 6890 7847 
1 8 8550 15612 50 7843 8556 8566 15603 7861 
1 6 452 8379 6883 8362 15945 8396 
1 6 8396 8455 8505 8504 10949 15943 
1 4 8505 15940 8433 15943 
1 3 15940 8531 8439 
1 4 8439 8558 8503 6883 
1 4 6883 8357 8545 8156 
1 4 8545 8548 8543 15937 
1 3 8543 15938 8506 
1 4 8543 8364 8454 8396 
1 4 452 15952 8335 8379 
1 4 452 8350 8375 8379 
1 5 718 13295 13239 15954 13238 
1 9 13521 13511 13473 10931 13375 13444 13434 13316 718 
1 10 13497 13464 13482 13495 13502 13485 3094 5318 7914 16010 
1 2 13465 13495 
1 4 13233 13389 13321 13421 
1 11 6849 10930 13275 13307 13233 10926 13242 7946 226 15983 15982 
1 2 13228 13220 
1 3 13228 13222 10930 
1 3 13228 13236 13267 
1 4 8168 8165 8170 8174 
1 3 13321 13423 13421 
1 2 13369 13421 
1 2 13423 13346 
1 2 13421 13414 
1 3 13421 13365 13350 
1 2 15970 13365 
1 2 13365 13392 
1 2 13365 10935 
1 2 13447 6879 
1 3 6879 13470 13446 
1 2 15978 13470 
1 5 13241 13243 10923 13227 13273 
1 2 13273 13241 
1 4 13243 13332 13260 10925 
1 3 13301 433 13294 
1 2 13285 13263 
1 2 13393 15971 
1 3 13425 13432 13377 
1 3 13432 13415 15968 
1 2 13377 10938 
1 2 13425 13377 
1 2 13337 13304 
1 13 15964 15961 10932 13385 15965 13304 13378 13338 13433 13367 10934 15963 13483 
1 2 13378 13403 
1 9 13378 13371 13339 15973 13364 15974 13467 13455 10941 
1 4 15973 13394 13406 10934 
1 2 13344 13394 
1 2 10952 13492 
1 3 10952 13368 10941 
1 2 8177 13475 
1 2 13486 13489 
1 4 1527 1100 1479 5854 
1 5 1527 5854 5411 8281 13416 
1 5 4874 6054 4880 4670 13399 
1 3 4880 4671 4670 
1 4 7475 734 1464 8308 
1 8 3013 4133 4112 5858 3235 9597 8255 1464 
1 4 13563 8258 8272 9597 
1 2 3059 8255 
1 4 2989 5030 5041 5061 
1 4 2989 3464 3598 5041 
1 14 8894 15546 15545 15543 15544 15542 15541 15538 15536 5964 4911 4896 15527 4980 
1 2 15540 15538 
1 6 3223 3234 5029 15527 4891 15536 
1 2 5698 1059 
1 4 5698 3242 3223 3135 
1 3 3223 644 6115 
1 3 4468 508 8284 
1 4 4468 8117 4078 995 
1 2 4078 5219 
1 8 6897 6001 4684 5989 4879 15539 15535 15533 
1 3 6897 5984 6001 
1 5 3732 3620 3661 5999 3651 
1 2 5054 3661 
1 2 3156 3651 
1 3 4668 5937 5099 
1 8 15573 15592 15571 15575 15577 15576 15574 15572 
1 4 15566 476 15556 15571 
1 3 15556 15570 15568 
1 4 15556 15567 15565 15560 
1 6 15565 15590 15559 15547 15558 15562 
1 2 15562 15565 
1 2 15560 15590 
1 2 15560 15559 
1 2 15560 15547 
1 2 15560 15558 
1 2 15560 15562 
1 8 15590 8930 15589 15554 15547 15555 15557 15561 
1 3 15510 15511 15514 
1 3 4292 7463 5740 
1 5 15554 15551 15548 13519 13500 
1 2 5041 1457 
1 2 15576 15568 
1 7 15626 15810 15625 15811 15623 15620 6888 
1 2 15652 15648 
1 2 15652 13462 
1 2 15652 15644 
1 4 15652 15649 15645 15640 
1 2 15637 15640 
1 2 15634 15640 
1 2 15635 15640 
1 3 15640 13374 15645 
1 2 15664 15671 
1 4 15668 15678 481 15687 
1 3 481 15663 15673 
1 4 15675 15670 15665 15679 
1 2 15665 15672 
1 4 15697 15700 15715 15717 
1 2 13345 15706 
1 4 15683 15690 15699 15703 
1 8 15801 15796 15791 15792 15789 15785 13503 15788 
1 2 15788 15791 
1 2 15792 6898 
1 4 15785 15786 6668 15789 
1 3 15789 15793 15790 
1 6 1637 15780 15777 15782 15781 13503 
1 4 15773 15779 15783 13503 
1 3 15781 15776 15771 
1 2 15783 15776 
1 3 15767 15762 15761 
1 4 5580 15770 15772 15771 
1 7 5580 15766 15763 15765 5578 15764 15762 
1 3 15771 15768 15767 
1 2 5587 15788 
1 2 15788 15787 
1 6 3455 6109 1786 8267 3560 6899 
1 6 15735 15713 15721 6895 15747 15754 
1 6 15721 15738 15753 15757 15755 15745 
1 2 15732 15738 
1 2 15732 15721 
1 3 15732 15743 15745 
1 4 6895 15727 15708 15707 
1 5 15739 15741 15748 15742 15754 
1 2 15733 15741 
1 2 15763 15754 
1 2 13478 15681 
1 12 8539 15619 15833 7250 15831 8021 6156 7532 13277 7631 6884 15832 
1 5 6401 278 15842 13235 13277 
1 8 7532 7531 15818 15815 15816 7230 6163 13486 
1 3 15815 7254 15812 
1 6 15832 7839 8914 7255 5237 8167 
1 8 15832 7342 7335 7629 10 7258 458 16012 
1 15 6896 7855 15866 7869 457 7899 15859 7912 15850 13404 15843 15838 112 7640 7342 
1 4 7629 7349 7345 112 
1 2 7640 7349 
1 2 7335 7349 
1 7 15850 7897 15839 7878 7890 15823 8039 
1 3 2 7879 15839 
1 3 196 7846 7855 
1 2 7862 6896 
1 3 267 8938 457 
1 2 7873 7899 
1 3 46 15845 13404 
1 4 158 1 82 46 
1 2 7884 82 
1 3 15847 15848 8914 
1 2 15829 7890 
1 3 7623 7632 458 
1 2 15814 15818 
1 3 5595 16006 7914 
1 3 7554 7594 7542 
1 10 16010 7595 7542 58 7875 15993 15988 7944 7950 15982 
1 3 7973 7961 13221 
1 3 13221 7960 7973 
1 5 8012 10924 16003 8024 418 
1 3 7944 354 7966 
1 3 7966 7925 15982 
1 3 13221 15979 15982 
1 2 7958 7968 
1 4 7958 7924 7951 13357 
1 6 13357 7943 12454 7923 13306 7929 
1 4 12454 15980 15981 7966 
1 5 7968 7229 15990 15991 7875 
1 2 15993 15991 
1 4 7968 7539 5809 13357 
1 6 5809 7942 15997 15998 7949 8002 
1 4 15989 7915 13218 15998 
1 5 15997 7541 6174 15996 7539 
1 3 15998 6168 7922 
1 6 7541 13237 7938 8050 8073 16012 
1 2 16003 6174 
1 4 8048 13224 8049 8050 
1 2 7995 716 
1 2 7997 8015 
1 3 7997 8055 13224 
1 4 7997 8005 8025 8002 
1 5 263 7731 425 8172 8005 
1 5 7716 15986 8176 7749 8025 
1 5 13224 8031 16013 7994 13225 
1 4 7994 8039 8011 8004 
1 2 7997 16004 
1 5 206 268 8041 8058 16013 
1 4 425 7719 6876 15992 
1 4 15992 15994 16002 206 
1 3 15992 7683 15985 
1 3 13230 7705 75 
1 5 7750 271 498 8096 8106 
1 4 5164 13355 8188 16037 
1 9 16037 7535 6130 5386 16036 8106 13352 16035 7440 
1 4 7716 1512 5406 13308 
1 3 390 8067 13308 
1 4 390 7614 13231 6130 
1 2 8088 13252 
1 5 8107 8090 16045 13268 499 
1 4 499 16044 8108 8090 
1 2 16044 13268 
1 2 8108 16045 
1 2 8107 16034 
1 4 7655 413 7814 16037 
1 3 413 7239 13308 
1 7 16037 1563 8135 7572 6874 7602 7582 
1 3 7559 7596 7602 
1 4 507 7741 16030 7602 
1 10 7582 44 149 13269 8074 8110 8078 16027 16025 7712 
1 8 7796 7754 8900 5611 262 7726 7440 16034 
1 6 16034 8082 8018 8044 8013 8056 
1 6 16034 8056 8094 5375 16043 7923 
1 4 374 5480 3049 7332 
1 3 7715 13513 7732 
1 6 13280 3115 6088 16023 1509 13386 
1 12 277 144 7947 16021 16022 7956 7996 7304 7712 5610 16026 5611 
1 2 7947 6398 
1 2 8014 13244 
1 2 7993 7996 
1 2 424 16022 
1 3 7304 7992 6126 
1 5 16024 7313 7738 7318 16027 
1 5 8014 8034 8092 8063 7318 
1 3 8110 8072 8074 
1 2 8072 7427 
1 2 97 13386 
1 6 6088 9282 7355 1319 8001 13249 
1 2 1447 1509 
1 4 7582 13310 7289 1319 
1 3 149 92 13381 
1 3 7630 13381 1319 
1 13 15964 15926 7777 7770 7834 7580 7759 329 8909 10998 13360 7825 10973 
1 2 7580 5328 
1 4 7825 8892 8908 8909 
1 2 7753 10975 
1 6 8241 8247 8248 8890 8934 7603 
1 5 8240 8933 8249 8164 8241 
1 3 8249 8243 8241 
1 2 8241 8248 
1 6 10973 7820 5407 8251 8891 8934 
1 3 7823 7829 5407 
1 3 7600 7590 7760 
1 9 8337 7827 8089 7760 10985 430 7729 7772 10973 
1 2 8098 8089 
1 2 10988 8089 
1 2 8904 10990 
1 2 7765 10985 
1 3 7767 7769 7772 
1 5 7828 7798 7774 8066 7772 
1 5 8934 8931 8916 7813 7808 
1 5 415 10974 488 6408 7587 
1 4 415 5163 15917 488 
1 2 15917 6395 
1 2 392 7776 
1 2 392 7778 
1 2 392 7784 
1 2 392 8008 
1 2 447 392 
1 4 8008 7776 7778 7784 
1 3 434 8895 8912 
1 3 8912 8910 8906 
1 3 8912 8901 8932 
1 3 8912 8919 8902 
1 3 8337 8517 15904 
1 2 8348 8517 
1 2 8347 8337 
1 10 8337 8371 8441 9327 13402 9319 15905 15868 15870 15872 
1 9 15904 13391 9421 8400 9414 8401 13504 13219 10961 
1 2 9372 13219 
1 2 8431 9421 
1 3 8431 9398 8492 
1 2 15873 15868 
1 16 15872 15874 15875 15880 15886 9315 15890 15892 459 15896 15894 10981 15897 15898 9451 5928 
1 3 15888 15884 15886 
1 3 8175 9335 15892 
1 2 13326 9451 
1 3 15885 10995 15878 
