1 84 
1 157 
1 243 
1 361 
1 613 
1 783 
1 785 
1 792 
1 793 
1 798 
1 801 
1 809 
1 811 
1 813 
1 840 
1 884 
1 888 
1 891 
1 895 
1 900 
1 927 
1 929 
1 951 
1 954 
1 1055 
1 1118 
1 1128 
1 1134 
1 1138 
1 1142 
1 1144 
1 1325 
1 1684 
1 1708 
1 1714 
1 1739 
1 1748 
1 1882 
1 1989 
1 1990 
1 2067 
1 2071 
1 2080 
1 2096 
1 2097 
1 2118 
1 2132 
1 2147 
1 2148 
1 2157 
1 2162 
1 2182 
1 2183 
1 2188 
1 2195 
1 2197 
1 2203 
1 2208 
1 2212 
1 2227 
1 2244 
1 2250 
1 2260 
1 2268 
1 2283 
1 2288 
1 2294 
1 2312 
1 2319 
1 2326 
1 2341 
1 2346 
1 2359 
1 2388 
1 2396 
1 2401 
1 2428 
1 2430 
1 2441 
1 2453 
1 2470 
1 2473 
1 2487 
1 2489 
1 2496 
1 2504 
1 2512 
1 2518 
1 2545 
1 2547 
1 2556 
1 2571 
1 2575 
1 2579 
1 2616 
1 2625 
1 2629 
1 2636 
1 2638 
1 2639 
1 2644 
1 2666 
1 2670 
1 2673 
1 2732 
1 2780 
1 2789 
1 2817 
1 2827 
1 2829 
1 2839 
1 2854 
1 2865 
1 2871 
1 2876 
1 2891 
1 2893 
1 2898 
1 2926 
1 2977 
1 2980 
1 2994 
1 3350 
1 3399 
1 3418 
1 3457 
1 4084 
1 4163 
1 4193 
1 4389 
1 4423 
1 4449 
1 4853 
1 5198 
1 5852 
1 6829 
1 6840 
1 6901 
1 6904 
1 6917 
1 6930 
1 7372 
1 7373 
1 7375 
1 7381 
1 7385 
1 7394 
1 7395 
1 7400 
1 7403 
1 8126 
1 8128 
1 8155 
1 8201 
1 8203 
1 8212 
1 8226 
1 8229 
1 8260 
1 8261 
1 8274 
1 8292 
1 8299 
1 8305 
1 8316 
1 8322 
1 8326 
1 8327 
1 8330 
1 8638 
1 8709 
1 8873 
1 8881 
1 8979 
1 8982 
1 8988 
1 9001 
1 9030 
1 9040 
1 9052 
1 9066 
1 9089 
1 9093 
1 9098 
1 9121 
1 9141 
1 9318 
1 9346 
1 9354 
1 9368 
1 9370 
1 9400 
1 9432 
1 9434 
1 9436 
1 9437 
1 9462 
1 9488 
1 9489 
1 9497 
1 9501 
1 9518 
1 9521 
1 9522 
1 9538 
1 9541 
1 9542 
1 9556 
1 9557 
1 9564 
1 9574 
1 9578 
1 9598 
1 9604 
1 9615 
1 9620 
1 9623 
1 9629 
1 9633 
1 9634 
1 9640 
1 9652 
1 9663 
1 9668 
1 9676 
1 9679 
1 9694 
1 9701 
1 9714 
1 9743 
1 9764 
1 9775 
1 9788 
1 9836 
1 9873 
1 9899 
1 9906 
1 9939 
1 9964 
1 9965 
1 9968 
1 9976 
1 9982 
1 9987 
1 9997 
1 10011 
1 10020 
1 10034 
1 10043 
1 10053 
1 10060 
1 10068 
1 10072 
1 10074 
1 10081 
1 10084 
1 10089 
1 10097 
1 10102 
1 10118 
1 10128 
1 10136 
1 10140 
1 10159 
1 10160 
1 10161 
1 10173 
1 10177 
1 10181 
1 10194 
1 10204 
1 10213 
1 10235 
1 10246 
1 10261 
1 10277 
1 10318 
1 10324 
1 10335 
1 10348 
1 10362 
1 10363 
1 10365 
1 10386 
1 10391 
1 10393 
1 10814 
1 10834 
1 10865 
1 10867 
1 10868 
1 10873 
1 10889 
1 10911 
1 10918 
1 10999 
1 11003 
1 11009 
1 11017 
1 11022 
1 11027 
1 11031 
1 11034 
1 11055 
1 11059 
1 11083 
1 11098 
1 11101 
1 11115 
1 11122 
1 11131 
1 11148 
1 11165 
1 11178 
1 11190 
1 11191 
1 11193 
1 11195 
1 11218 
1 11221 
1 11233 
1 11239 
1 11245 
1 11251 
1 11270 
1 11282 
1 11286 
1 11287 
1 11296 
1 11301 
1 11316 
1 11326 
1 11334 
1 11336 
1 11352 
1 11353 
1 11362 
1 11364 
1 11371 
1 11375 
1 11377 
1 11380 
1 11387 
1 11392 
1 11393 
1 11417 
1 11418 
1 11421 
1 11423 
1 11431 
1 11454 
1 11459 
1 11465 
1 11468 
1 11477 
1 11494 
1 11495 
1 11500 
1 11508 
1 11512 
1 11514 
1 11519 
1 11524 
1 11526 
1 11528 
1 11533 
1 11546 
1 11562 
1 11573 
1 11575 
1 11592 
1 11598 
1 11601 
1 11648 
1 11656 
1 11668 
1 11698 
1 11700 
1 11702 
1 11727 
1 11737 
1 11739 
1 11741 
1 11759 
1 11760 
1 11768 
1 11781 
1 11797 
1 11801 
1 11827 
1 11841 
1 11872 
1 11880 
1 11913 
1 11920 
1 11927 
1 11929 
1 11973 
1 11975 
1 11989 
1 11997 
1 12007 
1 12014 
1 12023 
1 12042 
1 12044 
1 12047 
1 12049 
1 12058 
1 12067 
1 12068 
1 12083 
1 12099 
1 12113 
1 12120 
1 12124 
1 12147 
1 12175 
1 12183 
1 12227 
1 12230 
1 12234 
1 12235 
1 12241 
1 12244 
1 12249 
1 12251 
1 12255 
1 12280 
1 12315 
1 12318 
1 12319 
1 12329 
1 12334 
1 12341 
1 12371 
1 12372 
1 12382 
1 12406 
1 12407 
1 12414 
1 12439 
1 12444 
1 12453 
1 12456 
1 12461 
1 12474 
1 12475 
1 12479 
1 12483 
1 12523 
1 12549 
1 12560 
1 12562 
1 12563 
1 12575 
1 12576 
1 12578 
1 12592 
1 12594 
1 12614 
1 12634 
1 12635 
1 12641 
1 12647 
1 12650 
1 12660 
1 12681 
1 12684 
1 12691 
1 12698 
1 12707 
1 12708 
1 12713 
1 12725 
1 12743 
1 12753 
1 12754 
1 12761 
1 12770 
1 12785 
1 12792 
1 12797 
1 12814 
1 12830 
1 12831 
1 12837 
1 12839 
1 12852 
1 12856 
1 12863 
1 12871 
1 12872 
1 12883 
1 12910 
1 12915 
1 12923 
1 12926 
1 12932 
1 12941 
1 12945 
1 12947 
1 12964 
1 12985 
1 12999 
1 13006 
1 13016 
1 13023 
1 13033 
1 13038 
1 13042 
1 13050 
1 13051 
1 13075 
1 13081 
1 13090 
1 13099 
1 13100 
1 13112 
1 13116 
1 13140 
1 13152 
1 13166 
1 13176 
1 13187 
1 13193 
1 13194 
1 13531 
1 13535 
1 13542 
1 13544 
1 13553 
1 13554 
1 13562 
1 13566 
1 13572 
1 13577 
1 13578 
1 13580 
1 13581 
1 13595 
1 13603 
1 13609 
1 13610 
1 13647 
1 13655 
1 13671 
1 13674 
1 13704 
1 13706 
1 13712 
1 13721 
1 14835 
1 14838 
1 14839 
1 14864 
1 14875 
1 14878 
1 14890 
1 14892 
1 14919 
1 14934 
1 14935 
1 14937 
1 14951 
1 14973 
1 14980 
1 14993 
1 15004 
1 15011 
1 15027 
1 15053 
1 15066 
1 15067 
1 15070 
1 15073 
1 15082 
1 15083 
1 15098 
1 15101 
1 15113 
1 15120 
